size n:515345
sum: [22359338.25561003, 664565.3077100004, 4462035.880329999, 599925.7229099993, -3377365.355090003, -4907102.3093600115, -1232235.979679998, -924134.9537600003, 1921142.1581899954, 970077.6507900007, -75511.96522999994, 1312101.02077, 17374344.19622998, 1257111657.1557708, 1014061982.4549518, 780675476.1897556, 469469680.6015969, 453063866.9110406, 311133067.84377927, 266731924.22565907, 203026457.59862065, 167864960.4267907, 148875484.33298075, 150466948.16403955, 22176309.917659916, 22322102.970009934, -23937262.841029912, -14261030.355699962, 7708783.345339968, 22940510.267829966, 2644640.461760003, 12385960.749429977, 4895167.472240013, -2153552.436629994, 257401.76910000117, 37440982.649899945, -26509994.049589954, 60770026.60456994, -97854164.45685014, 11902450.450969998, -661190.1693300046, 9352467.299149977, -26776822.265409976, 1665948.4376300017, -766998.6135600042, 3264238.413910003, 40558902.21102015, 73538117.30791977, -44585833.53129994, 13007695.746130046, 3287133.56377999, 14581213.774759946, 6582110.363069988, 876330.9505800016, -5259175.733990018, 33034265.097639777, 54019537.47447008, -13646.754959995407, 19932534.670860037, -14424498.874820106, 1701534.5043099984, 158276.27827000007, -246761.40282000013, -71232647.17878006, -358713.6836000029, 125013.6658099973, 1624239.1076200018, 14245550.363170063, 16399434.149529986, -430802.71726, -4602836.5923299985, 2499038.2653499898, -14093472.628959995, -6152596.98720998, -11117093.074950006, -2873664.794859995, -12009766.718670039, 16033956.181240005, -54098235.43078024, 13894934.528029973, 8119469.727759974, -37858016.60034993, 21408679.23444002, 19549158.419640023, 162720.83909999958, 9105740.688230019, -13561476.811329933, 2297738.4013799992, 10325007.372019988, 684947.8418400001]
center: [43.38712562576532, 1.2895541971106743, 8.65834708851352, 1.1641244659596957, -6.553600704557147, -9.521975199837025, -2.3910894249095227, -1.7932355097264945, 3.727875807837459, 1.8823849087310456, -0.14652701632886697, 2.5460633571102855, 33.71400556176926, 2439.3593750900286, 1967.734202243064, 1514.8599019875144, 910.9813437631041, 879.1467209559434, 603.7374338429194, 517.5793385511823, 393.96221482428405, 325.73316987026305, 288.88508539518335, 291.9732376641659, 43.031968715442886, 43.31487250290569, -46.44900569721238, -27.672783001096278, 14.958490613744129, 44.51485949767625, 5.131786398936641, 24.034308568880995, 9.49881627305982, -4.178855789092732, 0.49947466085826225, 72.65226721885328, -51.44125595395309, 117.921056000485, -189.88088456635873, 23.096082141031733, -1.2830049177347302, 18.147973297790756, -51.95902214130335, 3.232685749604637, -1.4883206658840276, 6.33408379611717, 78.70242693927398, 142.69686774475306, -86.51647640182779, 25.240752789160748, 6.378510636136938, 28.294082167790407, 12.772240660276102, 1.7004743435562615, -10.205155253257562, 64.10126245066854, 104.82208515551733, -0.02648081374612232, 38.67804028536231, -27.989985106715125, 3.301738649467829, 0.30712683400440494, -0.47882758699512, -138.2232236245235, -0.6960651284091296, 0.24258247544848072, 3.1517509777333665, 27.642744885795075, 31.82224364169631, -0.8359501251782786, -8.931563500819836, 4.849252957436261, -27.347646002115077, -11.938792434602025, -21.57213725746831, -5.576196130475691, -23.304323741707087, 31.113052772880312, -104.97479442078654, 26.962393208491346, 15.755406044028707, -73.46149977267643, 41.542421551465566, 37.93411873529388, 0.315751271672374, 17.669213222656705, -26.3153359619865, 4.458641107180625, 20.03513640768803, 1.3291054377940994]
total distance: 4911681050183.727