size n:285409
sum: [17470043.82000001, 7555287.989999998, 55285.94999999989, 466991.0, 5235731.5, 522846859.5999962, -1769.8799999999958, 59425.65999999995, 289469.5, -21118462.5, 220860204.5000035, -13940.37000000002, 6976.530000000025, 15499.27000000003, 11030114.600000065, 153973443.10000095, 5925.2499999999945, -19837.900000000063, 5160.71, -10171842.900000123, -44738292.299999386, 8602.79000000005, 25603.559999999987, 58459.570000000094, 17650704.200000074, 157458853.10000116, 4971.440000000002, -17487.169999999864, 36070.24000000002, -6617550.800000063, -26968409.999999765, 3874.3599999999824, 262681.74999999977, 99670.61000000009, 6743197.100000022, 161078373.10000134, -21457.749999999967, 709133.6799999984, 54766.10000000014, -10172898.10000014, -41271157.099999584, -56079.620000000126, 363445.07999999914, 104572.0, -13524501.0, 584031502.7999921, -20324.89000000004, 992844.3299999991, 50372.0, -20352626.0, 123278231.60000081, -10953.559999999974, 68018.55999999998, 727142.5, 25304169.5, 522971731.5999958, 2531.7899999999895, 84688.95999999992, 392369.0, -11244464.0, 73806024.69999966, -22323.099999999875, -91120.31999999977, 135227.0, 474061.0, 518679152.5999956, 10207.589999999987, 163801.5600000002, 86868.0, -18869237.0, 133878593.40000129, 139259.67999999993, 73776.20999999967, 52329.540000000015]
center: [61.21055684999426, 26.471793075901594, 0.19370780178620817, 1.636216797648287, 18.34466152083501, 1831.9214166336599, -0.006201205988598803, 0.20821228482633677, 1.0142269514976752, -73.99368099814652, 773.8375611841375, -0.04884348426293502, 0.024443973385562562, 0.05430547039511729, 38.646695093707855, 539.4834889579549, 0.02076055765585526, -0.06950691814203498, 0.018081805409079603, -35.63953098886203, -156.75151204061325, 0.03014197169675816, 0.08970831333279605, 0.20482735302670937, 61.84354452732771, 551.69547246233, 0.017418651829479808, -0.06127056259613349, 0.12638087796810898, -23.186202257111944, -94.49039799025176, 0.01357476463601352, 0.9203695398533325, 0.34922027686583146, 23.626434695472188, 564.377343041044, -0.0751824574557914, 2.4846226993542544, 0.19188638059766908, -35.64322813926729, -144.60355875252563, -0.19648861808842794, 1.2734184275898768, 0.3663934914456096, -47.38638585328423, 2046.296727853684, -0.07121320631094338, 3.4786721161561096, 0.17649058018492758, -71.3103861475987, 431.9353335038517, -0.038378467392408695, 0.2383196044974054, 2.5477209898776843, 88.65932573955271, 1832.358936123233, 0.008870743389311443, 0.2967284143106907, 1.3747604315210802, -39.39772046431612, 258.5973977695155, -0.07821442211002412, -0.31926225171595773, 0.4738007561079013, 1.6609882659621806, 1817.3188392797551, 0.035764779667074226, 0.5739186921225337, 0.3043632120921204, -66.11297120973761, 469.0762849104313, 0.48793023345444586, 0.2584929347007266, 0.18334929872568845]
total distance: 4590883441678.624