size n:145751
sum: [8914661.069999963, 3861526.769999999, 26401.71, 246088.0, 2665979.5, 265298256.09999794, -618.8499999999958, 28841.61000000008, 147590.0, -10745001.5, 112023820.40000202, -6356.380000000002, 4318.989999999999, 7232.270000000006, 5716100.600000049, 78497812.10000062, 2678.9899999999916, -11273.19000000008, 1559.7900000000052, -5101017.700000074, -22188551.29999957, 4897.760000000017, 12971.679999999993, 27523.960000000097, 9059877.000000045, 80129454.20000061, 2583.8900000000062, -10804.839999999975, 17590.100000000013, -3325720.8000000417, -13029463.399999872, 801.9099999999906, 133875.44000000035, 52156.5299999999, 3458943.0000000107, 81973653.70000072, -10878.429999999993, 361983.5599999998, 23362.00000000006, -5146268.200000057, -20561023.299999796, -28485.380000000077, 193155.29999999978, 56174.0, -6890751.0, 295748859.1999964, -9402.020000000026, 505258.0899999993, 21156.0, -10339024.0, 61956870.00000021, -1558.7399999999789, 32421.310000000114, 355083.0, 12866368.5, 265727418.59999806, 1307.8600000000042, 42385.940000000075, 195660.0, -5731465.0, 37600590.39999983, -11115.749999999907, -52754.30000000005, 47855.0, 439302.0, 265340042.5999985, 3913.7199999999993, 77183.80000000016, 38439.0, -9430833.0, 68907599.90000072, 68905.8099999999, 37974.73999999994, 27965.010000000068]
center: [61.16363572119548, 26.49399846313232, 0.18114256505958792, 1.688413801620572, 18.291329047485096, 1820.215683597354, -0.004245939993550616, 0.19788275895191168, 1.0126174091429905, -73.72163141247745, 768.597267943287, -0.04361122736722219, 0.029632661182427557, 0.04962072301390732, 39.21825990902326, 538.5747754732429, 0.018380594301239728, -0.07734554136849889, 0.010701744756468259, -34.9981660503192, -152.23601416113488, 0.03360361163902832, 0.0889989090983938, 0.1888423407043526, 62.15996459715573, 549.7694986655365, 0.017728111642458758, -0.07413218434178821, 0.12068596441876908, -22.817824920584023, -89.39536195291883, 0.005501917654081211, 0.9185215881880766, 0.35784680722602175, 23.73186461842465, 562.4225816632526, -0.07463708653799969, 2.4835751384210045, 0.1602870649257985, -35.30863047251859, -141.0695178763768, -0.19543865908295707, 1.3252416793023705, 0.3854107347462453, -47.27755555708023, 2029.1377705813093, -0.06450741332821062, 3.4665840371592602, 0.14515166276732236, -70.93621313061317, 425.08710060308476, -0.010694540689257561, 0.22244313932666063, 2.4362302831541465, 88.2763651707364, 1823.1601745442435, 0.008973248897091644, 0.2908106290865934, 1.3424264670568298, -39.32367530926032, 257.9782670444788, -0.07626534294790367, -0.3619481169940518, 0.3283339393897812, 3.014058222585094, 1820.502381458779, 0.026852097069659894, 0.5295593169172093, 0.263730609052425, -64.70509979348341, 472.77617237618074, 0.4727638918429369, 0.26054531358275373, 0.1918683919835889]
total distance: 2352586463622.451