size n:145751
sum: [8914661.070000004, 3861526.77000003, 26401.70999999996, 246088.0, 2665979.5, 265298256.1000024, -618.849999999993, 28841.609999999928, 147590.0, -10745001.5, 112023820.4000006, -6356.380000000006, 4318.990000000001, 7232.269999999995, 5716100.600000023, 78497812.10000007, 2678.9899999999934, -11273.190000000002, 1559.7899999999968, -5101017.699999994, -22188551.299999975, 4897.760000000013, 12971.679999999991, 27523.959999999995, 9059877.00000006, 80129454.19999987, 2583.889999999994, -10804.840000000038, 17590.100000000035, -3325720.799999987, -13029463.400000066, 801.9099999999949, 133875.4400000001, 52156.53000000007, 3458942.9999999944, 81973653.69999993, -10878.429999999997, 361983.55999999953, 23362.00000000002, -5146268.200000015, -20561023.299999986, -28485.380000000016, 193155.30000000037, 56174.0, -6890751.0, 295748859.2000008, -9402.01999999999, 505258.09000000026, 21156.0, -10339024.0, 61956869.99999982, -1558.7399999999657, 32421.30999999999, 355083.0, 12866368.5, 265727418.60000184, 1307.8600000000029, 42385.94000000003, 195660.0, -5731465.0, 37600590.399999775, -11115.749999999984, -52754.30000000007, 47855.0, 439302.0, 265340042.60000202, 3913.719999999998, 77183.79999999996, 38439.0, -9430833.0, 68907599.89999965, 68905.80999999998, 37974.74000000001, 27965.00999999988]
center: [61.16363572119577, 26.493998463132534, 0.18114256505958765, 1.688413801620572, 18.291329047485096, 1820.2156835973847, -0.004245939993550597, 0.19788275895191065, 1.0126174091429905, -73.72163141247745, 768.5972679432773, -0.04361122736722222, 0.02963266118242757, 0.04962072301390725, 39.21825990902308, 538.5747754732391, 0.01838059430123974, -0.07734554136849835, 0.010701744756468201, -34.99816605031865, -152.23601416113766, 0.033603611639028294, 0.08899890909839378, 0.1888423407043519, 62.159964597155835, 549.7694986655314, 0.01772811164245867, -0.07413218434178866, 0.12068596441876923, -22.817824920583643, -89.39536195292015, 0.00550191765408124, 0.9185215881880748, 0.35784680722602297, 23.731864618424535, 562.4225816632471, -0.07463708653799972, 2.4835751384210023, 0.16028706492579822, -35.3086304725183, -141.06951787637811, -0.19543865908295666, 1.3252416793023745, 0.3854107347462453, -47.27755555708023, 2029.1377705813395, -0.06450741332821038, 3.4665840371592664, 0.14515166276732236, -70.93621313061317, 425.0871006030821, -0.010694540689257471, 0.2224431393266598, 2.4362302831541465, 88.2763651707364, 1823.1601745442697, 0.008973248897091635, 0.2908106290865931, 1.3424264670568298, -39.32367530926032, 257.9782670444784, -0.07626534294790419, -0.361948116994052, 0.3283339393897812, 3.014058222585094, 1820.5023814588033, 0.026852097069659884, 0.5295593169172078, 0.263730609052425, -64.70509979348341, 472.7761723761734, 0.4727638918429375, 0.26054531358275423, 0.19186839198358763]
total distance: 2352586463622.1865