homogeneity_score: 0.5854184115080058
completeness_score: 0.6751360643391027
v_measure_score: 0.6270844932291562
adjusted_rand_score: 0.31596306153632564
adjusted_mutual_info_score: 0.5826812891898046
fowlkes_mallows_score:0.34916093004365184